玩家ID  复仇次数
1002949 1       
1001529 2       
1000150 1       
1000456 4       
1002663 1       
1000866 126       
1000571 1       
1001376 8       
1003143 4       
1002769 1       
1000023 1       
1000083 91       
1000451 9       
1000543 1       
1001600 25       
1000008 30       
1000345 1       
1001863 1       
1002018 1       
1001634 49       
1000141 3       
1002002 2       
1002493 1       
1003206 1       
1000554 5       
1001889 6       
1001816 2       
1002621 1       
1002248 1       
1001588 1       
1002697 17       
1001487 16       
1001388 1       
1001370 1       
1000724 1       
1002858 1       
1003172 1       
1001272 1       
1000075 38       
1001039 9       
1000837 1       
1000858 7       
1001160 7       
1002562 19       
1001451 1       
1001726 1       
1001583 1       
1001627 6       
1001546 1       
1001150 14       
1000308 2       
1001491 17       
1000256 1       
1002969 13       
1002965 2       
1002052 1       
1002528 133       
1002687 1       
1001602 7       
1001408 5       
1002149 2       
1000431 3       
1003203 1       
1001366 1       
1000593 1       
1001201 1       
1000171 3       
1000011 8       
1000572 3       
1000046 35       
1000767 3       
1002438 1       
1001543 1       
1002909 1       
1001015 4       
1001021 1       
1001533 106       
1001260 9       
1001133 1       
1002005 6       
1002083 1       
1000556 1       
1001206 2       
1001156 2       
1002201 19       
1001861 54       
1000333 2       
1000578 5       
1002404 1       
1002785 1       
1001123 4       
1001615 83       
1000868 12       
1000639 4       
1000307 3       
1000486 1       
1001838 1       
1001680 1       
1002870 1       
1001316 12       
1002480 2       
1001865 8       
1000140 1       
1002800 2       
1000825 1       
1001328 6       
1001733 1       
1000416 2       
1001900 1       
1002075 1       
1002793 3       
1001036 1       
1001511 2       
1002597 18       
1000662 1       
1002994 1       
1002818 2       
1001655 1       
1001027 1       
1000043 13       
1002419 15       
1003155 2       
1000699 1       
1000980 1       
1001025 2       
1001077 6       
1002964 8       
1001919 1       
1002325 1       
1001990 3       
1002662 4       
1002198 2       
1000585 1       
1001509 17       
1002213 1       
1001796 1       
1000318 1       
1000983 5       
1001390 7       
1000583 1       
1000079 2       
1000325 4       
1002331 2       
1003147 4       
1003039 1       
1000957 3       
1001315 1       
1002999 1       
1000284 6       
1002863 1       
1000316 31       
1000733 1       
1000632 1       
1002569 1       
1000680 6       
1001700 2       
1001286 122       
1000001 41       
1002849 10       
1001357 33       
1000297 1       
1000759 14       
1000199 1       
1000768 6       
1001641 1       
1002268 1       
1002293 21       
1003163 3       
1001211 1       
1001867 29       
1002996 1       
1001702 1       
1000900 6       
1002242 8       
1001255 4       
1000954 4       
1002371 1       
1002417 18       
1003146 3       
1000904 8       
1000202 1       
1000846 14       
1000789 1       
1001501 39       
1002060 50       
1002177 4       
1001994 2       
1001774 1       
1001091 9       
1002107 1       
1002739 29       
1002089 8       
1001362 1       
1000752 2       
1000190 7       
1001307 4       
1000686 2       
1002310 1       
1000944 18       
1001170 3       
1001095 1       
1002461 1       
1001147 1       
1001030 1       
1003177 1       
1000658 1       
1001925 4       
1001685 1       
1000068 4       
1000286 3       
1000271 5       
1001455 6       
1002070 2       
1000970 2       
1002053 2       
1001765 1       
1002320 2       
1002511 1       
1002734 3       
1000507 2       
1000830 1       
1000313 1       
1002857 2       
1002856 1       
1000779 3       
1001565 1       
1001727 25       
1000804 5       
1000674 1       
1001377 32       
1002071 1       
1001673 73       
1000772 238       
1001647 6       
1002221 7       
1002104 14       
1002888 1       
1000791 23       
1001869 7       
1002601 2       
1000729 1       
1000487 4       
1001924 2       
1002944 1       
1002651 1       
1000110 31       
1002795 8       
1002059 1       
1002627 2       
1000397 1       
1000490 1       
1002369 1       
1001706 69       
1003125 1       
1000382 6       
1000749 3       
1001434 4       
1001589 94       
1000219 1       
1002926 1       
1002408 2       
1002374 2       
1001007 1       
1000167 6       
1000461 4       
1001885 1       
1000833 1       
1000835 1       
1000457 1       
1001154 10       
1001905 5       
1001586 20       
1002424 3       
1000393 2       
1000394 1       
1002378 107       
1000949 35       
1000905 2       
1002852 1       
1000687 186       
1002055 7       
1000497 1       
1000908 9       
1002206 1       
1000717 1       
1001793 21       
1000898 4       
1002114 20       
1000096 1       
1000754 4       
1000413 1       
1000092 1       
1001270 3       
1001872 18       
1000472 24       
1002429 1       
1002520 1       
1001495 3       
1001342 1       
1002162 8       
1002983 8       
1002141 1       
1000177 3       
1000440 8       
1001864 4       
1001508 7       
1001828 1       
1002174 6       
1001158 1       
1000883 1       
1001320 11       
1001055 1       
1003076 1       
1001601 14       
1001355 1       
1002784 1       
1000555 1       
1001110 7       
1002012 9       
1000231 1       
1002656 1       
1001159 9       
1003013 3       
1000765 1       
1001283 23       
1003030 7       
1001107 2       
1002966 20       
1001569 1       
1002007 1       
1000712 7       
1002916 5       
1000483 1       
1000608 3       
1000681 7       
1000395 1       
1002762 1       
1001012 1       
1001214 1       
1000991 1       
1000353 20       
1001825 8       
1000360 1       
1000756 7       
1002420 1       
1000690 1       
1000923 1       
1001369 2       
1000948 3       
1000871 17       
1001438 1       
1001424 1       
1000502 3       
1000162 10       
1002853 41       
1001108 71       
1002122 1       
1001968 16       
1001811 1       
1000480 4       
1000809 1       
1000654 1       
1002280 9       
1002279 1       
1002039 4       
1000518 6       
1000626 1       
1001311 3       
1000672 3       
1000433 1       
1000685 9       
1001958 59       
1001895 3       
1001852 2       
1001496 5       
1002660 1       
1001656 1       
1000099 1       
1002886 1       
1001289 8       
1001292 2       
1000186 20       
1000529 79       
1002249 2       
1003018 1       
1002194 1       
1003088 1       
1000138 23       
1000816 1       
1002513 2       
1001751 2       
1002760 8       
1000123 20       
1001265 2       
1000086 1       
1002977 1       
1001604 66       
1002275 7       
1002761 1       
1001464 169       
1001839 1       
1001284 2       
1001277 1       
1001616 1       
1000963 1       
1002589 1       
1002837 3       
1002846 8       
1000080 5       
1002585 2       
1002992 4       
1000242 1       
1001932 17       
1001330 2       
1001209 2       
1001368 12       
1001004 1       
1002188 23       
1000444 1       
1000475 1       
1001040 1       
1002941 21       
1002919 1       
1002845 2       
1001493 4       
1002132 31       
1002047 1       
1000721 2       
1002564 1       
1002064 29       
1002603 1       
1001486 2       
1001304 1       
1002273 3       
1001621 11       
1000606 1       
1002043 3       
1001648 5       
1001870 14       
1001767 8       
1003090 49       
1000262 1       
1000452 1       
1001049 17       
1000862 2       
1001415 28       
1000596 1       
1003178 1       
1002229 1       
1002866 1       
1002989 95       
1000319 9       
1001886 1       
1001550 4       
1000104 2       
1002342 4       
1000882 1       
1000854 3       
1000545 15       
1000264 1       
1001539 1       
1002770 1       
1002790 12       
1000911 8